%YAML:1.0
---
CameraExtrinsicMat: !!opencv-matrix
   rows: 4
   cols: 4
   dt: d
   data: [ 9.9845447603160276e-01, 3.6580550428906705e-02,
       -4.1839247397340545e-02, -4.0604174514662389e-02,
       4.4496427389598692e-02, -7.5127568809984391e-02,
       9.9618066451535958e-01, 2.0671237457243058e-01,
       3.3297556096804237e-02, -9.9650274045534848e-01,
       -7.6639161157732394e-02, -8.6239515607883607e-02, 0., 0., 0., 1. ]
CameraMat: !!opencv-matrix
   rows: 3
   cols: 3
   dt: d
   data: [ 7.0133475313206725e+02, 0., 3.3019169130523130e+02, 0.,
       7.0138174419455618e+02, 2.4340354736251237e+02, 0., 0., 1. ]
DistCoeff: !!opencv-matrix
   rows: 1
   cols: 5
   dt: d
   data: [ -5.5387166579991213e-03, 1.3541329159028465e-01,
       6.7435792374019761e-04, -1.2160203289012495e-03,
       -5.7279630473605769e-01 ]
ImageSize: [ 640, 480 ]
ReprojectionError: 1.9461666587872520e-01
