%YAML:1.0
---
CameraExtrinsicMat: !!opencv-matrix
   rows: 4
   cols: 4
   dt: d
   data: [ 5.2543025046653402e-01, 3.8406316217594993e-02,
       8.4996941519637603e-01, 1.5043925255504456e-01,
       -8.5074780881348477e-01, 9.2769939170991300e-03,
       5.2549224845178855e-01, 1.1970314897402481e-01,
       1.2297060369437340e-02, -9.9921914125904143e-01,
       3.7548502604154654e-02, -1.1882932352967548e-01, 0., 0., 0., 1. ]
CameraMat: !!opencv-matrix
   rows: 3
   cols: 3
   dt: d
   data: [ 7.2712808814691311e+02, 0., 3.1096058542452863e+02, 0.,
       7.2795817667984807e+02, 2.3801374060984918e+02, 0., 0., 1. ]
DistCoeff: !!opencv-matrix
   rows: 1
   cols: 5
   dt: d
   data: [ 3.0544496850074817e-02, -1.2393184692170610e-01,
       -1.4701761985920915e-03, -3.3440170423507110e-03,
       4.0045246490911002e-01 ]
ImageSize: [ 640, 480 ]
ReprojectionError: 2.2788116292110530e-01
